449
447
448
446
445
444
458
457
456
455
454
453
467
466
465
477
476
475
474
473
472
471
485
484
483
385
384
383
382
396
395
394
406
405
289
288
287
286
285
284
298
296
297
307
308
305
306
304
303
302
316
315
314
313
312
311
325
324
323
335
216
217
218
334
215
214
213
227
226
225
237
236
233
234
235
232
231
245
244
243
242
240
241
254
253
252
264
263
262
261
258
259
260
272
271
270
172
171
169
170
183
182
181
193
192
76
75
74
73
72
71
85
84
83
95
94
93
92
91
89
90
103
102
101
99
100
98
112
111
110
121
122
120
118
119
116
117
130
129
128
57
56
55
54
1
0
6
15
14
502
501
500
499
497
498
511
510
509
521
520
519
518
517
515
516
527
528
529
526
524
525
538
537
536
548
547
431
430
428
429
426
427
440
439
438
450